75.6773
21.0364
3.6071
49.1491
12.2400
17.3900
32.3244
53.6563
89.8616
73.6727
85.0308
6.0904
79.6035
75.8335
8.0197
7.3986
77.8241
77.0742
17.8675
6.4731
53.3507
23.8201
41.3664
98.2989
25.5555
81.6869
81.5885
79.1823
87.5590
9.8922
35.3148
70.1370
26.1013
95.5494
3.2634
99.4219
75.6192
26.1444
76.5873
90.3239
87.5173
69.7879
24.2545
57.7892
53.8932
63.5770
42.1909
90.7656
63.2879
41.5555
29.7971
63.8622
96.1739
9.6993
11.3029
89.8376
57.3732
93.8773
98.4788
78.5347
45.6574
15.2522
18.5774
45.6598
50.3349
51.2237
30.1705
39.9088
46.2921
77.9063
76.7340
22.7037
79.5937
63.6395
55.1114
77.5139
43.3872
24.1727
75.6460
17.8380
93.4961
96.2681
23.7348
73.4013
5.2220
32.6828
8.2956
49.8595
43.8020
33.0376
92.6350
95.2876
69.7976
92.4397
98.6727
70.9719
65.6215
82.3203
70.8275
6.5923
48.1878
49.8801
87.2718
73.2235
32.2287
20.9182
75.6791
37.8352
66.8819
28.0576
23.6867
94.3602
4.3598
22.9462
80.9398
60.5946
97.6509
8.9752
14.5633
33.4707
96.7430
52.9827
88.8245
58.8332
45.8975
70.0935
28.5486
13.2464
94.8078
38.5817
15.8172
29.3520
12.6215
60.6404
31.2279
93.9471
68.5781
67.9220
52.4125
76.6622
12.0682
99.6785
94.3862
68.9088
44.8716
14.8112
34.1027
16.3490
90.4427
18.1404
71.8277
11.9381
71.5744
44.3523
12.0685
17.7043
70.1373
7.2442
35.3640
31.6236
31.4428
55.5954
1.8604
95.1476
47.2627
40.9093
98.4738
13.5864
12.8493
54.0010
74.7790
28.2621
6.9423
76.4137
97.7563
65.9666
31.6522
44.1897
51.4872
5.6536
66.7370
89.7213
73.5332
31.7559
62.2770
41.0059
65.7265
75.5151
67.4457
90.2204
44.8567
25.0291
46.7759
94.5622
18.3786
84.6409
65.3945
53.8926
92.2730
28.7144
98.2428
48.7402
74.0811
9.0006
67.5652
65.1202
0.7766
46.7596
26.3542
43.0469
37.5505
49.5167
94.3630
63.8381
57.8376
6.8835
66.8231
37.1745
78.4511
75.4561
67.0149
90.4126
32.0244
57.0519
92.4065
75.2812
35.2006
18.3003
41.4647
73.2356
13.6481
52.9546
64.1338
21.9807
47.3343
22.9766
8.6828
66.7906
82.8036
16.1322
84.9390
38.2489
98.8555
14.2571
13.5217
50.2562
34.5010
22.9239
24.7829
19.7576
83.4240
34.9842
50.0823
58.6366
4.0257
12.1293
95.2609
98.1613
50.1693
80.5281
63.4910
36.8226
73.9523
75.3795
74.2953
80.3887
12.1386
25.4243
15.9723
32.0980
15.8327
33.8039
88.6084
6.9213
50.3312
50.9931
48.3826
52.4273
86.9087
87.3975
73.4124
88.0620
57.3054
88.5598
87.6745
54.4726
15.9454
2.7468
25.5175
53.9646
67.8582
35.3991
45.6846
24.7921
22.7979
66.4673
51.8064
9.8392
13.2345
37.4303
99.8986
33.1235
43.0937
72.0544
91.3613
10.2587
16.8738
3.4356
64.0518
29.8747
98.6328
96.0343
75.6277
48.8676
14.8428
2.3183
11.9635
39.9981
21.1352
17.7855
41.0650
74.1734
59.0896
36.0850
39.7614
43.3870
48.9332
40.8504
60.0878
40.7888
85.8337
94.5816
18.2654
19.7631
61.6059
10.5791
93.9556
46.8315
75.4895
74.5489
8.6583
67.7955
81.6936
33.1890
25.3585
30.6325
15.4156
56.0701
60.9991
26.2926
93.6337
40.1443
71.7082
31.9360
60.2153
73.1668
53.5476
68.0555
51.4761
96.4830
7.4971
87.9374
67.1860
27.6808
46.2744
22.6524
90.2775
73.8632
71.5091
30.0158
51.1592
84.7716
38.4838
69.1494
88.3875
46.7805
1.4786
80.8444
90.0665
65.3217
80.1215
12.4218
83.4600
30.7636
24.1938
54.4156
38.2194
4.9489
92.1049
53.5327
36.5949
5.0898
53.4895
25.1454
48.9556
63.9619
6.3706
36.5825
87.8098
59.1154
22.0298
98.3181
81.6886
34.7705
86.7555
96.8898
96.2363
62.5443
99.6122
66.2333
39.4555
41.0018
83.6740
15.6130
6.1505
86.2528
33.3244
5.2300
4.6557
61.9495
22.3464
88.2396
44.4820
43.4967
38.8910
13.1787
35.9752
58.5456
10.3348
64.8700
6.1398
50.6106
90.4139
35.0888
17.2810
41.3093
38.2975
82.4601
41.1773
39.6281
45.1676
72.3504
73.1818
23.5900
16.9426
80.7942
31.6556
60.2256
39.0629
68.5132
8.1316
60.1143
71.8801
80.1178
23.8216
80.2200
6.7873
93.8345
42.0679
23.5945
14.4207
3.8960
77.4859
2.2664
12.1306
32.7589
19.0285
8.5212
71.7166
43.3325
76.4564
0.8514
56.2789
74.2492
54.9699
66.0666
28.9868
92.6857
57.6165
19.0681
27.9148
4.6153
10.4503
78.2535
63.2630
61.0011
91.1352
93.4785
51.5894
45.3493
46.9358
25.7879
91.1189
95.8213
75.2721
99.0648
61.7364
52.6957
67.7544
92.1119
99.2925
36.1775
50.2149
87.3556
17.1019
85.0318
5.5154
60.6210
14.2834
12.0259
70.4607
30.2839
62.7528
16.2578
84.7088
70.9366
7.8961
42.7376
56.3519
74.2326
34.4094
0.8368
68.5329
58.7370
37.6021
3.0406
21.6501
54.5837
38.2913
88.5370
89.9153
54.1095
36.4061
95.8479
25.3273
37.4966
51.2996
69.1649
66.7505
32.4520
92.7967
81.3851
92.8864
49.2904
18.8011
80.2716
1.9868
58.3792
21.8488
78.2306
18.1835
23.2064
8.6965
90.4084
77.9535
91.4875
51.5010
48.3043
48.5238
30.3383
88.2786
69.1816
19.8833
84.9328
39.3655
50.9666
14.4753
53.5918
36.7604
97.6650
14.8334
14.5897
68.3284
6.0464
63.7478
23.7552
96.0223
85.7369
63.2066
8.7441
71.0654
14.8883
7.5100
1.7763
97.0321
55.9105
34.5388
5.8280
83.1147
84.7077
58.8195
99.9281
20.9990
50.7430
88.0926
94.1191
12.2962
21.8421
88.0542
57.5856
78.5929
77.9293
21.3095
97.5218
31.0475
62.4509
63.3094
59.7222
3.1339
2.6133
54.6340
31.9195
49.2547
2.7691
94.3379
80.2031
59.6914
47.2649
38.0814
75.3837
76.4571
16.0745
50.8377
63.8673
54.9771
68.8177
5.2517
67.4400
96.3309
91.9181
26.7955
27.9744
15.1975
31.7854
20.5050
65.1332
43.2855
45.8733
34.1500
55.9730
33.2515
46.4279
99.1319
50.1564
2.2051
88.1033
31.6784
51.0774
26.7190
26.5103
70.2831
88.1718
72.7605
14.1779
20.6431
77.5002
60.7184
54.5174
77.0048
21.1200
11.0638
47.9360
45.6273
28.2923
67.0858
75.3155
56.0561
48.4819
14.5322
70.0167
67.9559
10.7436
38.3733
45.1793
83.9440
92.1887
10.7019
29.9324
36.8033
82.1629
48.9489
50.6623
0.8948
64.8337
78.5568
8.4724
94.5857
86.3582
2.4982
39.4984
85.8438
95.2301
46.4640
12.4516
33.8897
4.2006
10.8272
40.1737
82.7257
25.3065
22.4361
3.6441
45.1379
19.5072
88.8325
2.6887
71.8302
89.1111
70.4280
32.2648
17.1535
27.3993
98.5082
21.8335
59.7553
42.5679
71.3611
8.3012
29.2017
15.4343
63.2872
93.3386
33.9439
64.7179
39.5765
34.1808
6.6939
12.8917
96.4150
1.7215
34.0914
72.4948
52.3359
2.2873
78.2278
46.4217
87.7138
62.1413
70.9780
90.4587
58.3065
87.8221
74.2193
63.8232
96.5791
90.8718
33.8784
52.9068
39.5472
30.2224
14.6052
45.4353
68.7957
66.9019
65.8076
94.8685
41.1425
10.7323
63.4014
50.4810
28.2108
40.6826
98.9238
37.1152
83.5257
30.8507
59.2344
12.6072
67.0763
71.5754
32.9122
88.8432
97.0314
11.8064
50.5339
48.3642
18.1930
64.7303
70.7108
84.0309
66.6575
70.9501
99.4932
38.6205
56.2150
4.2249
21.7778
50.3574
0.0610
79.1598
61.1762
48.8288
81.0233
33.7842
52.6471
30.6537
98.6564
63.6779
74.2561
72.1285
11.1944
51.1000
83.3009
0.4436
67.5506
33.2849
47.8305
97.1036
42.5172
95.2677
91.4943
71.2523
38.5764
47.1608
59.9648
62.6801
72.2658
43.9189
77.1582
70.2559
15.0925
34.0188
51.9874
76.4925
90.3188
2.0355
58.1779
90.9197
55.7097
47.3491
46.8472
73.0767
41.8049
9.3335
79.1009
32.3974
38.7704
8.3688
77.6246
20.0621
29.7108
13.2337
18.3360
29.9725
78.6736
82.2620
53.9155
92.5101
61.7859
7.7870
8.9278
39.9664
42.6375
58.8196
13.2775
13.2953
86.6026
26.6235
68.3087
60.1039
34.1886
83.6412
67.4171
32.2211
25.5838
71.1189
60.7670
6.2456
71.3659
84.6748
8.2460
51.8954
83.0443
16.4767
54.9637
1.5747
74.9637
18.4549
49.9732
45.8095
73.5974
11.4316
38.5389
99.5765
73.3681
97.9667
64.7434
95.8343
35.0063
13.4988
67.3967
92.1135
45.4114
15.7690
2.4921
79.1469
10.1154
0.5560
11.0062
44.5886
14.2092
3.0303
23.2102
53.7500
67.5732
24.1048
88.7423
45.8201
62.8331
33.6911
47.1860
76.2301
42.3435
88.3611
76.1261
20.1016
35.5771
39.4232
94.6682
66.6698
25.6269
77.9099
90.1616
65.5048
40.1150
82.3176
65.2192
65.0905
52.9474
50.7677
13.8523
70.9427
77.4446
77.4687
30.6594
49.6458
14.6549
62.4372
34.3498
98.2109
97.2715
20.3980
33.7231
1.4425
94.1859
9.7755
15.2878
46.6226
6.4788
92.9881
22.1383
62.9877
59.4296
78.4968
33.9123
69.9949
62.2683
34.0533
81.2328
52.4955
28.3665
93.9431
97.8299
14.4129
6.9260
1.1517
91.3164
60.6694
53.9285
89.4695
60.6787
4.4589
49.1725
11.4611
95.8592
46.6818
1.5178
15.0502
45.3301
29.9850
71.7983
90.6661
66.4445
19.1573
95.3962
73.9005
28.9114
91.9630
43.3381
33.5770
9.1506
43.7435
27.5888
84.8414
42.0889
90.2792
3.9801
81.8765
62.2922
67.2498
